[
 [
  [
   289,
   287,
   343,
   323,
   347,
   325,
   331,
   332
  ],
  [
   287,
   300,
   308,
   339,
   316,
   355,
   328,
   341,
   296
  ],
  [
   290,
   287,
   343,
   323,
   347,
   325,
   331,
   332
  ]
 ],
 [
  [
   289,
   287,
   343,
   323,
   347,
   325,
   331,
   332
  ],
  [
   287,
   300,
   308,
   339,
   316,
   355,
   328,
   341,
   296
  ],
  [
   290,
   287,
   343,
   323,
   347,
   325,
   331,
   332
  ]
 ],
 [
  [
   289,
   287,
   343,
   323,
   347,
   325,
   331,
   332
  ],
  [
   287,
   300,
   308,
   339,
   316,
   355,
   328,
   341,
   296
  ],
  [
   290,
   287,
   343,
   323,
   347,
   325,
   331,
   332
  ]
 ],
 287,
 355
]